3,2
10,246
10,18
10,262
10,208
10,224
10,294
10,122
10,80
9,4
9,6
8,16
8,13
8,14
8,12
8,2
30,3
30,2
30,1
30,0
20,3
20,2
20,1
19,2
19,3
19,1
12,3
12,2
12,1
11,30
11,29
11,28
11,27
11,26
11,25
11,24
11,23
11,22
11,21
11,20
11,19
11,18
11,17
11,16
11,15
11,14
11,13
11,12
11,11
11,10
11,9
11,8
11,7
11,6
11,5
11,4
11,3
11,2
11,1
10,316
10,312
10,310
10,307
10,305
10,301
10,300
10,298
10,297
10,296
10,295
10,291
10,287
10,286
10,255
10,247
10,239
10,237
10,183
10,175
10,153
18,1
10,144
18,3
10,85
14,1
10,71
14,3
13,1
10,21
10,3
10,2
13,3
10,1
9,7
9,5
9,3
9,2
9,1
